0.501194278
2.481642077
-1.152514057
1.657137644
2.738812355
-1.605771586
2.598629676
-0.221631363
0.01434038
2.898763145
1.701886422
0.398385486
-0.594343226
1.353900543
2.34357715
1.533303872
1.205503089
0.920550432
0.254085837
1.213236932
1.945579271
1.997705465
0.138042001
2.432789988
1.337132247
-0.476838978
0.564331811
2.213906234
2.836346458
-0.079838748
2.927242507
-0.439680353
-0.194232097
0.326138216
2.398788027
1.825980712
0.15159456
-0.064893983
-1.743829542
0.31790857
-0.742816833
-0.762639199
0.493503015
-0.000992234
-0.713476396
-0.536537312
-0.755948565
1.67816526
-0.523467887
1.630115572
4.227007209
0.821025153
1.186961051
2.947927638
0.216666983
-0.921945899
0.968284694
0.940379052
-0.164748809
0.418839981
0.772964587
0.592663675
1.280021603
